0.996747995431774 0.023113181262867 -0.077195948409033 0.085424983792085 -0.006303187847172 0.977409738364818 0.211259255986550 -0.239550594070840 0.080334945187791 -0.210085659346921 0.974376884140459 0.082570794127392 0.000000000000000 0.000000000000000 0.000000000000000 1.000000000000000
0.981412768887763 -0.049851896167842 -0.185320709899417 0.208168023139487 -0.006183479686780 0.956955041459377 -0.290170317554354 0.329391627531973 0.191809128133287 0.285922781596552 0.938859638799729 0.114966975490080 0.000000000000000 0.000000000000000 0.000000000000000 1.000000000000000
0.947441158620597 -0.019010782074300 0.319364746162288 -0.366988479155832 0.014281273736069 0.999751022862066 0.017144604576319 -0.019445214857054 -0.319611163980308 -0.011682568623155 0.947476765603784 0.086642171310447 0.000000000000000 0.000000000000000 0.000000000000000 1.000000000000000
0.950438644584847 0.031422401198066 -0.309320247661788 0.352973012423766 -0.014827077528754 0.998328687927509 0.055856857559487 -0.066713094505884 0.310558433686399 -0.048502200724263 0.949316067430760 0.090191443354690 0.000000000000000 0.000000000000000 0.000000000000000 1.000000000000000
0.992509291715531 0.027356259628725 0.119066959917253 -0.131519104933241 0.010028472270852 0.953074872073920 -0.302568534299487 0.344700667258730 -0.121756870912330 0.301496141415487 0.945661324711598 0.104719430104620 0.000000000000000 0.000000000000000 0.000000000000000 1.000000000000000
0.993353411940888 -0.023369793441468 0.112706928770383 -0.128583153076485 0.002270677752775 0.982960276450174 0.183804077735599 -0.209511969539212 -0.115081897225392 -0.182326486655753 0.976480009622869 0.071680943175519 0.000000000000000 0.000000000000000 0.000000000000000 1.000000000000000
0.954022999887791 -0.039343268270575 -0.297140072797483 0.339432740289268 -0.013016820100556 0.984974275531361 -0.172209868687512 0.196368094063645 0.299450626924246 0.168159994430809 0.939175988962409 0.098848368734042 0.000000000000000 0.000000000000000 0.000000000000000 1.000000000000000
0.952854978508063 0.022303791402124 0.302605239278557 -0.347677500778600 0.016848381587362 0.991866911378922 -0.126159272770589 0.146813713499501 -0.302957954183954 0.125309899635881 0.944729541730421 0.085807833127463 0.000000000000000 0.000000000000000 0.000000000000000 1.000000000000000
0.983771513935351 0.037087681357252 -0.175550882132942 0.198349169585271 -0.009797900864399 0.988048278369440 0.153833028980791 -0.177244355567255 0.179158057206945 -0.149616521726762 0.972377132106022 0.071477494913441 0.000000000000000 0.000000000000000 0.000000000000000 1.000000000000000
0.997691940210325 -0.021127982598970 -0.064532168441673 0.075383971014994 0.000714320758828 0.953573792989861 -0.301158614501783 0.344725172085242 0.067899058615210 0.300417425762050 0.951387979792520 0.097695776777591 0.000000000000000 0.000000000000000 0.000000000000000 1.000000000000000
0.969513492910114 -0.029965492377751 0.243198800017951 -0.279628953684954 0.009245334596656 0.996261149161789 0.085896719892956 -0.098977843028183 -0.244863453549079 -0.081029574676427 0.966165667527831 0.066553252499614 0.000000000000000 0.000000000000000 0.000000000000000 1.000000000000000
0.950703483688826 0.002471440275810 -0.310091563875123 0.356651166644119 -0.014060284995733 0.999283388492748 -0.035142822224745 0.038389489895697 0.309782495336195 0.037770379259213 0.950056947810627 0.080046248260781 0.000000000000000 0.000000000000000 0.000000000000000 1.000000000000000
0.979881747028716 0.034173831170064 0.196631409387076 -0.222973944804551 0.013244911126685 0.971924254592465 -0.234920871269842 0.271330877865163 -0.199138982208130 0.232799039251381 0.951918207085224 0.083528763580719 0.000000000000000 0.000000000000000 0.000000000000000 1.000000000000000
0.999991861369133 0.002920601411421 -0.002783391396584 0.002053718178895 -0.002384203086903 0.984336275720429 0.176285030171515 -0.202035587229829 0.003254651377703 -0.176276959261443 0.984335227873537 0.057432065321809 0.000000000000000 0.000000000000000 0.000000000000000 1.000000000000000
0.977099752138422 -0.040500528522650 -0.208891793805333 0.238109101540952 -0.007971417338679 0.974062073016615 -0.226140519316198 0.260123525387767 0.212632384227039 0.222627009043009 0.951432963429740 0.085074841271498 0.000000000000000 0.000000000000000 0.000000000000000 1.000000000000000
0.959416929851344 -0.001533700574923 0.281987237976512 -0.326080056453486 0.013786448131104 0.999044526243676 -0.041472502968179 0.049062395773258 -0.281654200198708 0.043677023900959 0.958521376445486 0.064422991085053 0.000000000000000 0.000000000000000 0.000000000000000 1.000000000000000
0.972300584112382 0.029419466620064 -0.231875115379581 0.265645853697176 -0.011523356584585 0.996874233855908 0.078159926090163 -0.092365204764375 0.233449751327507 -0.073322962165025 0.969600410907148 0.061037424355019 0.000000000000000 0.000000000000000 0.000000000000000 1.000000000000000
0.999128967487123 0.006018672653704 0.041292638037422 -0.044172838730150 0.005666984310168 0.960805968484532 -0.277163807599677 0.319236538321607 -0.041342371299736 0.277156393655731 0.959934967503412 0.078184903478459 0.000000000000000 0.000000000000000 0.000000000000000 1.000000000000000
0.988982190854572 -0.022609088605441 0.146297830562543 -0.168373028838360 0.004582780065138 0.992470513945595 0.122398027357579 -0.141286915468947 -0.147963590928673 -0.120379018452827 0.981639275783152 0.048922470113192 0.000000000000000 0.000000000000000 0.000000000000000 1.000000000000000
0.962719497332624 -0.019054510211458 -0.269829752228698 0.311322590330451 -0.011692594697981 0.993652225452719 -0.111886273146931 0.128306175119953 0.270248871886362 0.110870106472626 0.956385574270750 0.068291662666322 0.000000000000000 0.000000000000000 0.000000000000000 1.000000000000000
0.972809652534141 0.023076405468885 0.230453595036486 -0.265073321994520 0.013715970751448 0.987537390486938 -0.156785759839572 0.183362697846469 -0.231199593667110 0.155683595293586 0.960369390441977 0.062114934282959 0.000000000000000 0.000000000000000 0.000000000000000 1.000000000000000
0.995260974139237 0.019047656534953 -0.095356069786587 0.108309235771498 -0.005985544180254 0.990768036790950 0.135435853632671 -0.157085941097794 0.097055481760679 -0.134223261671324 0.986186772065844 0.045097447528761 0.000000000000000 0.000000000000000 0.000000000000000 1.000000000000000
0.993839720043312 -0.024860251148612 -0.108002679210368 0.124688963288877 -0.002332481058838 0.969608714396531 -0.244649750734180 0.284148587791010 0.110802393197861 0.243394553996625 0.963577667232282 0.068794517936491 0.000000000000000 0.000000000000000 0.000000000000000 1.000000000000000
0.974280747081325 -0.014620011992486 0.224862805159392 -0.260688821579462 0.009763298917098 0.999694751478457 0.022695416863752 -0.025956704373696 -0.225125973329484 -0.019916304920943 0.974126088794132 0.044529731367479 0.000000000000000 0.000000000000000 0.000000000000000 1.000000000000000
0.969877724292551 0.011001128452902 -0.243343738735648 0.281324483731436 -0.011301750656602 0.999936120251034 0.000160717281108 -0.001954988650976 0.243329962016630 0.002594334183010 0.969940100703628 0.050327619087026 0.000000000000000 0.000000000000000 0.000000000000000 1.000000000000000
0.993153015757057 0.017670828646422 0.115476530440627 -0.130686228523592 0.008849545108871 0.974272680704089 -0.225198643627835 0.262381242554282 -0.116485075509331 0.224678626806394 0.967445472281589 0.057788052548842 0.000000000000000 0.000000000000000 0.000000000000000 1.000000000000000
0.998846319322102 -0.006419535538362 0.047590123899292 -0.055416056106571 0.000517949684522 0.992406915429123 0.122996934856055 -0.142773645364609 -0.048018351285293 -0.122830386388023 0.991265319748843 0.033754380127314 0.000000000000000 0.000000000000000 0.000000000000000 1.000000000000000
0.979542452567596 -0.025053412597931 -0.199672006531516 0.230411233774088 -0.007806624489468 0.986742343888858 -0.162106765582950 0.189020390649254 0.201086151394760 0.160349223128857 0.966360432974230 0.054663658998252 0.000000000000000 0.000000000000000 0.000000000000000 1.000000000000000
0.975501510190574 0.007094504800165 0.219878311170218 -0.255206294884542 0.011578384190149 0.996438935154166 -0.083518797479717 0.098712751659255 -0.219687834749893 0.084018548617320 0.971945543141451 0.041370250644097 0.000000000000000 0.000000000000000 0.000000000000000 1.000000000000000
0.988549713735981 0.019000925671174 -0.149694449665219 0.172608668830781 -0.007897132902953 0.997195385403141 0.074424449001983 -0.087830836934861 0.150688747853949 -0.072390110787773 0.985927265597477 0.033705196842463 0.000000000000000 0.000000000000000 0.000000000000000 1.000000000000000
0.999845333266469 -0.006171336103207 -0.016468882474749 0.021162247222735 0.002235803815449 0.973417372831829 -0.229027551555815 0.267763169779873 0.017444502284160 0.228955307445659 0.973280615515523 0.050006380809957 0.000000000000000 0.000000000000000 0.000000000000000 1.000000000000000
0.989323265558286 -0.013921317978304 0.145071268847203 -0.168501365394007 0.005794626279465 0.998397571540586 0.056291307940201 -0.065800915551213 -0.145622451744295 -0.054849666833866 0.987818614740576 0.026820247070339 0.000000000000000 0.000000000000000 0.000000000000000 1.000000000000000
0.977140449379551 -0.004965541007811 -0.212536786428271 0.247003056693719 -0.009210880052758 0.997799611309526 -0.065658931699588 0.075973512803492 0.212395154912229 0.066115648780054 0.974944623671156 0.038169251882216 0.000000000000000 0.000000000000000 0.000000000000000 1.000000000000000
0.989040250420818 0.014556057898276 0.146926866679612 -0.169284391157114 0.009279943800072 0.987032276645246 -0.160253447484866 0.188627583736390 -0.147354218156994 0.159860582919266 0.976079570717441 0.037042835376888 0.000000000000000 0.000000000000000 0.000000000000000 1.000000000000000
0.999493508172863 0.005493445971167 -0.031345639225364 0.035676111572497 -0.002632755094900 0.995885317939497 0.090584226510771 -0.106197774359382 0.031714281442216 -0.090455820940456 0.995395373111798 0.020730113327218 0.000000000000000 0.000000000000000 0.000000000000000 1.000000000000000
0.993190371358318 -0.017573134836731 -0.115169749521216 0.134095437092611 -0.003251017834500 0.983992896138006 -0.178178032486774 0.209760905118943 0.116457361956556 0.177339125110860 0.977235139316150 0.038327653522952 0.000000000000000 0.000000000000000 0.000000000000000 1.000000000000000
0.985361759611208 -0.003013937922531 0.170449754776115 -0.198840950132636 0.008208259380449 0.999522842046596 -0.029777720389390 0.035671496671065 -0.170278675120063 0.030740922686110 0.984916325652536 0.022185279268690 0.000000000000000 0.000000000000000 0.000000000000000 1.000000000000000
0.987471856267488 0.008567910546230 -0.157562445017380 0.183278457832485 -0.007375264146491 0.999939569354321 0.008152494473858 -0.010536578084088 0.157622773183092 -0.006888294174150 0.987475373291786 0.022133423316458 0.000000000000000 0.000000000000000 0.000000000000000 1.000000000000000
0.999025797452393 0.003901669126072 0.043957172112420 -0.049317230875813 0.004252640630473 0.982936328367383 -0.183896953411508 0.216720940377986 -0.043924606443205 0.183904734543347 0.981962156840271 0.029919558764764 0.000000000000000 0.000000000000000 0.000000000000000 1.000000000000000
0.998092402849826 -0.005284914339669 0.061511179025770 -0.071971937350531 0.002048097551483 0.998615343973074 0.052566149835789 -0.061702999965472 -0.061703814806650 -0.052339893886064 0.996721212155462 0.011824949105366 0.000000000000000 0.000000000000000 0.000000000000000 1.000000000000000
0.989039332489760 -0.009679564619510 -0.147334669369013 0.171967236743307 -0.005785319921918 0.994542116886308 -0.104175370241833 0.123022748644094 0.147538906151274 0.103885916856286 0.983585272040123 0.023705448073381 0.000000000000000 0.000000000000000 0.000000000000000 1.000000000000000
0.991690729839420 0.005432348457525 0.128530097281175 -0.149417531054534 0.007278063800998 0.995138647584320 -0.098214570573731 0.116570258844532 -0.128438802963077 0.098333929420840 0.986830234777506 0.017022541029357 0.000000000000000 0.000000000000000 0.000000000000000 1.000000000000000
0.997586668007062 0.006006211993847 -0.069171998078641 0.080439985487599 -0.003720779958026 0.999444409510761 0.033121415735629 -0.039421409686560 0.069332501058676 -0.032784109034113 0.997054766052118 0.008903515447097 0.000000000000000 0.000000000000000 0.000000000000000 1.000000000000000
0.999211374324654 -0.006173171411572 -0.039223989506801 0.046869503736567 0.000071755572022 0.988119906208355 -0.153684891290560 0.182395966667094 0.039706727986945 0.153560876891582 0.987341092434289 0.019250950075261 0.000000000000000 0.000000000000000 0.000000000000000 1.000000000000000
0.995850291506283 -0.003047356798724 0.090955541980555 -0.106378977329731 0.004148910915096 0.999920295708061 -0.011924289709051 0.014495680854822 -0.090911954836605 0.012252173813631 0.995783561191901 0.005711354381083 0.000000000000000 0.000000000000000 0.000000000000000 1.000000000000000
0.993946836247636 -0.000519087694358 -0.109860899540771 0.128560686919420 -0.004509459049177 0.998953316230494 -0.045518532292655 0.054091077354508 0.109769538016006 0.045738414326140 0.992904147450895 0.008971394350092 0.000000000000000 0.000000000000000 0.000000000000000 1.000000000000000
0.998767518205768 0.002017154839661 0.049592092828423 -0.057204896370375 0.003795533660785 0.993143876495971 -0.116836786066770 0.138918767288992 -0.049487761144834 0.116881015329580 0.991912188560778 0.009237659757754 0.000000000000000 0.000000000000000 0.000000000000000 1.000000000000000
1.000000000000000 -0.000000000000000 0.000000000000000 -0.000000000000000 -0.000000000000000 1.000000000000000 0.000000000000000 -0.000000000000000 0.000000000000000 0.000000000000000 1.000000000000000 -0.000000000000000 0.000000000000000 0.000000000000000 0.000000000000000 1.000000000000000
0.998686547089256 -0.003617056366709 -0.051108684389076 0.060548015031784 -0.001064164936921 0.995825552327984 -0.091270679582598 0.109078638090667 0.051225465044391 0.091205187926976 0.994513733161034 0.005120647161902 0.000000000000000 0.000000000000000 0.000000000000000 1.000000000000000
0.999606807635870 -0.000159982749094 0.028039339373188 -0.032650210990806 0.001848094141949 0.998185255062761 -0.060189542805937 0.071795228485845 -0.027978825840263 0.060217696056322 0.997793071951969 -0.000317553079745 0.000000000000000 0.000000000000000 0.000000000000000 1.000000000000000
